3.141592653559364	0.0021870865692909447
0.09635897270885163	0.0022051120097016986
0.18916508691051526	0.0022591741438405723
0.275281311382785	0.0023492322202353986
0.3523234121536629	0.0024752132850309585
0.4188669958258542	0.0026369657548183595
0.474512959176713	0.0028341196113988924
0.519831491634803	0.0030657943112075746
0.5562199882257017	0.0033301166650934943
0.5857118761911	0.0036235728403265464
0.6107683391542316	0.003940327350977891
0.6340753787196451	0.004271792491528384
0.6583496533542457	0.004606904376965188
0.6861191660904682	0.004933709031092849
0.7193816895778906	0.005242871288413622
0.7589642119298041	0.005533354051142549
0.8033923805452292	0.005819430092684424
0.8473997238627633	0.006136325842961764
0.881289058758024	0.006540289454710739
0.8938946012156239	0.007098918979395674
0.8811983891463617	0.007862272715059602
0.8566657276087444	0.008783819320775722
0.8543376274363736	0.009578696793406316
0.9266818253052449	0.009707663807874264
1.149989604361728	0.008935581348788042
1.5707963264217817	0.008302167638189448
1.991603048792106	0.008935581347098926
2.214910828298061	0.009707663808115205
2.2872550264940172	0.009578696796476835
2.284926926514326	0.008783819325090796
2.2603942649750093	0.007862272718711897
2.2476980526844903	0.007098918981273868
2.2603035947895926	0.006540289454476671
2.2941929293441046	0.0061363258407715615
2.338200272433421	0.005819430089051276
2.38262844096172	0.005533354046809704
2.422210963350335	0.005242871284170017
2.45547348696723	0.00493370902760779
2.4832429998967536	0.004606904374696677
2.5075172747634267	0.004271792490702538
2.5308243145760363	0.003940327351616357
2.555880777776116	0.0036235728422948288
2.5853726659406338	0.003330116668149546
2.6217611626652837	0.003065794315043185
2.6670796951692006	0.0028341196156686102
2.7227256584675414	0.002636965759159092
2.789269241997559	0.0024752132890782613
2.866311342568027	0.0023492322236426974
2.95242756683277	0.0022591741463048455
3.045233680878202	0.002205112010995366
