2.220446049250313e-15	0.019900002299851775
3.1413371223248823	0.019900564859042555
3.14108178567437	0.019902252797327012
3.1408268379784188	0.0199050668966426
3.1405724730288407	0.01990900845953063
3.1403188837951204	0.019914079308110445
3.14006626215078	0.01992028178263807
3.1398147986000757	0.0199276187396571
3.1395646820052994	0.0199360935497359
3.139316099314582	0.01994571009479601
3.1390692352904495	0.019956472765028436
3.138824272239379	0.01996838645540109
3.138581389742165	0.019981456561754457
3.138340764385623	0.019995688976490456
3.138102569495528	0.020011090083850686
3.1378669748711037	0.0200276667547865
3.1376341465212274	0.020045426341423138
3.137404246402508	0.020064376671118107
3.1371774321596	0.020084526040112453
3.13695385686777	0.02010588320678157
3.13673366877826	0.020128457384483173
3.1365170110664784	0.020152258234006667
3.136304021583463	0.020177295855624763
3.136094832610842	0.020203580780752184
3.1358895706197556	0.020231123963212236
3.135688356033904	0.020259936770118
3.1354913029973015	0.020290030972368915
3.13529851914693	0.020321418734769486
3.135110105390872	0.020354112605775704
3.1349261556922485	0.020388125506873946
3.1347467568594123	0.020423470721599134
3.1345719883429117	0.020460161884200218
3.134401922039666	0.020498212967962264
3.1342366221048383	0.020537638273189746
3.1340761447719014	0.020578452414867696
3.133920538181509	0.02062067031000512
3.133769842219529	0.020664307164678583
3.133624088364993	0.02070937846078504
3.133483299548244	0.020755899942519987
3.1333474900201708	0.020803887602597042
3.1332166652327307	0.02085335766822516
3.133090821731639	0.02090432658686306
3.1329699470615564	0.020956811011769747
3.13285401968447	0.021010827787374876
3.1327430089117776	0.02106639393448842
3.132636874850665	0.021123526635380356
3.1325355683652223	0.021182243218752287
3.132439031053043	0.021242561144633004
3.1323471952376387	0.021304497989227962
3.1322599839772223	0.02136807142975484
3.1321773110905102	0.0214332992293031
3.132099081199808	0.021500199221750393
3.132025189792026	0.02156878929678264
3.131955523297997	0.021639087385051308
3.131889959190488	0.021711111443519757
3.1318283661013777	0.02178487944104173
3.131770603958333	0.0218604093442233
3.131716524141373	0.02193771910362052
3.131665969659542	0.022016826640324977
3.1316187753481457	0.022097749832999322
3.131574768086655	0.022180506505419313
3.131533767037618	0.02226511441458499
3.1314955839067258	0.022351591239468623
3.1314600232242547	0.02243995457046462
3.131426882647947	0.022530221899612856
3.1313959532875075	0.022622410611666824
3.1313670200508152	0.022716537976083372
3.131339862011753	0.022812621140004905
3.131314252799883	0.022910677122320918
3.131289961011737	0.023010722808878295
3.131266750643872	0.023112774948931894
3.131244381547432	0.023216850152905675
3.1312226099043095	0.023322964891556403
3.1312011887245834	0.02343113549661459
3.1311798683651966	0.02354137816298698
3.131158397069674	0.023653708952597965
3.1311365215286147	0.023768143799949955
3.1311139874607776	0.023884698519474192
3.1310905402144447	0.02400338881474198
3.1310659253888047	0.024124230289604576
3.1310398894749962	0.02424723846131743
3.1310121805164712	0.024372428775699135
3.1309825487883316	0.02449981662436995
3.130950747495078	0.02462941736409641
3.130916533486488	0.024761246338261836
3.1308796679909427	0.024895318900465153
3.130839917365762	0.025031650440230233
3.1307970538638625	0.025170256410792215
3.130750856416064	0.02531115235890396
3.130701111428317	0.02545435395657165
3.130647613592978	0.025599877034610922
3.130590166713215	0.025747737617871715
3.130528584539457	0.025897951961943184
3.130462691616794	0.026050536591113806
3.130392324141938	0.02620550833730311
3.13031733082832	0.02636288437963587
3.130237573777621	0.026522682284268375
3.1301529293559467	0.026684920044004815
3.1300632890725293	0.026849616117175214
3.1299685604585807	0.02701678946515586
3.1298686679437893	0.02718645958783306
3.1297635537273787	0.02735864655619638
3.129653178640582	0.027533371041152964
3.1295375229968703	0.02771065433752235
3.1294165874257898	0.02789051838203966
3.129290393685968	0.0280729857640526
3.1291589854523076	0.028258079727435614
3.129022429071839	0.02844582416206835
3.128880814282129	0.028636243583038144
3.1287342548856416	0.02882936309551797
3.128582889372754	0.02902520834304654
3.1284268814854164	0.02922380543669116
3.128266420712913	0.02942518086231628
3.1281017227103036	0.029629361362886977
3.1279330296294323	0.02983637379243841
3.1277606103517717	0.03004624493800517
3.1275847606113754	0.0302590013054551
3.1274058029956855	0.03047466886479226
3.127224086811057	0.030693272750089
3.1270399877992268	0.03091483690877778
3.126853907690251	0.031139383694581597
3.126666273576804	0.0313669333978747
3.1264775370942637	0.03159750370676617
3.1262881733904497	0.03183110909166441
3.1260986798686825	0.03206776010553303
3.125909574687499	0.032307462591473574
3.125721395000415	0.03255021678868331
3.125534694919234	0.03279601632724048
3.1253500431848322	0.03304484710155423
3.12516802052972	0.0332966860117161
3.124989216717799	0.033551499561388226
3.1248142272476596	0.03380924230028455
3.124643649707195	0.03406985509874847
3.1244780797690543	0.034333263241432356
3.124318106818466	0.03459937432664092
3.124164309207277	0.03486807595754554
3.1240172491307545	0.03513923321123078
3.1238774671265963	0.03541268587142231
3.123745476198848	0.03568824541081298
3.1236217555729264	0.035965691709163
3.123506744091506	0.036244769493881175
3.1234008332649013	0.036525184490610416
3.1233043599933694	0.036806599272523687
3.123217598982446	0.03708862879863611
3.1231407548761974	0.03737083563353312
3.1230739541363284	0.03765272484357156
3.123017236698135	0.03793373856793356
3.1229705474363234	0.03821325026697155
3.1229337274751083	0.03849055865520381
3.122906505377356	0.03876488133219642
3.1228884882463364	0.03903534813150458
3.1228791527712576	0.03930099421599729
3.1228778362430116	0.03956075295732506
3.122883727560001	0.03981344864817138
3.122895858234349	0.040057789108340014
3.1229130933964098	0.04029235825978334
3.1229341227793026	0.040515608761457454
3.1229574516448326	0.040725854812435354
3.122981391586667	0.040921265251060365
3.1230040511152857	0.04109985709902803
3.1230233258904505	0.041259489722047855
3.123036888419656	0.04139785980298665
3.1230421769828074	0.04151249734883543
3.123036383471966	0.041600762979067736
3.1230164397467965	0.041659846769417204
3.1229790019969297	0.04168676895105432
3.122920432465823	0.041678382789673535
3.122836777718786	0.0416313799909473
3.1227237424196916	0.041542298996786416
3.1225766573020675	0.04140753654921011
3.1223904396601556	0.041223362903482746
3.122159544216642	0.04098594106735152
3.121877901607166	0.04069135042638183
3.1215388409030087	0.04033561508397902
3.1211349914948876	0.03991473719614913
3.1206581581716204	0.039424735512825
3.1200991611848408	0.038861689247393576
3.119447630256095	0.038221787282038816
3.1186917374966123	0.03750138257758419
3.1178178485270354	0.03669705149262044
3.116810062859183	0.035805657529293884
3.115649602501454	0.034824418815543955
3.114313989627421	0.033750978411615395
3.1127759264736308	0.03258347630116253
3.111001747456304	0.031320621706924796
3.108949244518366	0.029961764175502646
3.1065645535765842	0.028506961730077093
3.1037775988047165	0.02695704432996466
3.100495257684105	0.02531367095739163
3.096590804311422	0.0235793789693794
3.091887041559356	0.02175762508457103
3.086128247579931	0.01985281889461209
3.0789312301225533	0.01787035295820942
3.0696948098774333	0.015816640534522287
3.057419871943375	0.013699188958966426
3.040317014074107	0.011526782909468956
3.014839669350044	0.009309998657441237
2.972857104939718	0.007062840788294781
2.8909562054787594	0.004809263852785052
2.6678871876586263	0.002623622323584588
1.5707963267939649	0.0011982257604654656
0.47370546593093277	0.002623622323586702
0.25063644811108965	0.004809263852787344
0.1687355486501967	0.0070628407882970725
0.12675298423989378	0.00930999865744348
0.10127563951584273	0.011526782909471227
0.08417278164657471	0.013699188958968544
0.07189784371251795	0.015816640534524345
0.06266142346739123	0.01787035295821133
0.05546440601001157	0.019852818894613912
0.04970561203058654	0.021757625084572792
0.04500184927851425	0.023579378969381008
0.041097395905826506	0.025313670957393116
0.037815054785210744	0.026957044329965967
0.03502810001334211	0.02850696173007834
0.032643409071551055	0.029961764175503728
0.03059090613360871	0.031320621706925726
0.028816727116275587	0.03258347630116338
0.027278663962480465	0.03375097841161606
0.02594305108844086	0.034824418815544496
0.024782590730703546	0.03580565752929436
0.023774805062847015	0.0366970514926208
0.022900916093262058	0.03750138257758436
0.022145023333776326	0.03822178728203882
0.021493492405023407	0.03886168924739363
0.020934495418237553	0.0394247355128249
0.02045766209496591	0.0399147371961489
0.02005381268683948	0.04033561508397871
0.01971475198267436	0.04069135042638137
0.0194331093731952	0.04098594106735102
0.01920221392967436	0.04122336290348214
0.01901599628775763	0.041407536549209374
0.018868911170129454	0.041542298996785645
0.018755875871029115	0.04163137999094665
0.01867222112398892	0.041678382789672765
0.018613651592877645	0.04168676895105351
0.018576213843005007	0.04165984676941634
0.01855627011783234	0.041600762979067035
0.018550476606988386	0.04151249734883464
0.018555765170136684	0.04139785980298574
0.0185693276993395	0.04125948972204698
0.01858860247450167	0.04109985709902709
0.018611262003116913	0.04092126525105936
0.018635201944948943	0.040725854812434424
0.018658530810477192	0.040515608761456386
0.018679560193368694	0.040292358259782356
0.018696795355428897	0.040057789108338834
0.01870892602977392	0.039813448648170546
0.01871481734676106	0.03956075295732415
0.018713500818515083	0.03930099421599635
0.018704165343432777	0.03903534813150371
0.018686148212414988	0.03876488133219556
0.018658926114660357	0.03849055865520295
0.018622106153445284	0.03821325026697075
0.018575416891633	0.0379337385679329
0.01851869945343987	0.03765272484357084
0.018451898713570447	0.03737083563353233
0.018375054607322028	0.03708862879863536
0.018288293596399274	0.03680659927252282
0.018191820324866104	0.03652518449060974
0.01808590949826172	0.03624476949388054
0.017970898016839154	0.03596569170916239
0.0178471773909199	0.03568824541081232
0.017715186463175492	0.03541268587142168
0.017575404459015953	0.0351392332112301
0.01742834438249563	0.03486807595754516
0.017274546771305577	0.03459937432664027
0.017114573820717904	0.03433326324143192
0.016949003882577696	0.034069855098748186
0.016778426342114017	0.033809242300284176
0.016603436871974964	0.03355149956138784
0.01642463306005615	0.03329668601171568
0.016242610404940905	0.03304484710155398
0.016057958670542938	0.03279601632724029
0.015871258589367	0.03255021678868305
0.015683078902280823	0.032307462591473005
0.015493973721097731	0.03206776010553294
0.015304480199332282	0.031831109091664186
0.015115116495520553	0.03159750370676586
0.01492638001297708	0.031366933397874566
0.014738745899532724	0.031139383694581548
0.014552665790555697	0.030914836908777582
0.014368566778728553	0.030693272750088874
0.014186850594099631	0.030474668864792328
0.01400789297840932	0.030259001305455117
0.01383204323801479	0.030046244938005166
0.013659623960353251	0.029836373792438302
0.013490930879482388	0.02962936136288691
0.013326232876871735	0.02942518086231619
0.013165772104370976	0.02922380543669136
0.013009764217036146	0.029025208343046668
0.012858398704143514	0.02882936309551811
0.012711839307659734	0.028636243583038134
0.012570224517946649	0.028445824162068548
0.012433668137482812	0.02825807972743586
0.012302259903822055	0.028072985764052764
0.012176066163998467	0.027890518382039892
0.012055130592917518	0.027710654337522664
0.011939474949206996	0.027533371041153252
0.011829099862412207	0.027358646556196475
0.011723985646000301	0.027186459587833185
0.011624093131204827	0.027016789465156215
0.011529364517262941	0.026849616117175405
0.011439724233845983	0.026684920044005127
0.011355079812169766	0.02652268228426862
0.011275322761472584	0.026362884379636253
0.011200329447852653	0.02620550833730334
0.011129961972997204	0.026050536591114157
0.011064069050335856	0.02589795196194343
0.01100248687657679	0.025747737617872003
0.010945039996814288	0.025599877034611227
0.010891542161475254	0.02545435395657192
0.010841797173731127	0.02531115235890429
0.010795599725925697	0.02517025641079265
0.010752736224024062	0.025031650440230434
0.010712985598844593	0.024895318900465542
0.010676120103300768	0.02476124633826223
0.010641906094714049	0.024629417364096656
0.010610104801459741	0.02449981662437018
0.010580473073319219	0.024372428775699475
0.01055276411479289	0.02424723846131772
0.010526728200984437	0.024124230289605007
0.010502113375339128	0.024003388814742243
0.010478666129007053	0.023884698519474435
0.010456132061175794	0.02376814379995032
0.01043425652011587	0.023653708952598166
0.010412785224588994	0.02354137816298723
0.010391464865207478	0.023431135496614856
0.010370043685477892	0.023322964891556705
0.010348272042355777	0.023216850152905984
0.010325902945918841	0.023112774948932213
0.010302692578049832	0.023010722808878576
0.010278400789904385	0.022910677122321088
0.01025279157803638	0.022812621140005228
0.010225633538975654	0.02271653797608362
0.010196700302283812	0.022622410611667153
0.010165770941845231	0.02253022189961305
0.010132630365541573	0.02243995457046497
0.010097069683065119	0.022351591239468786
0.010058886552173352	0.02226511441458516
0.010017885503137425	0.022180506505419344
0.009973878241644307	0.022097749832999402
0.009926683930245428	0.022016826640325057
0.00987612944841354	0.021937719103620745
0.009822049631457386	0.02186040934422347
0.009764287488415402	0.02178487944104189
0.009702694399303269	0.021711111443519865
0.009637130291789031	0.021639087385051523
0.009567463797765186	0.02156878929678279
0.009493572389983385	0.021500199221750522
0.009415342499281554	0.021433299229303066
0.009332669612567734	0.02136807142975501
0.009245458352156621	0.021304497989228073
0.009153622536747896	0.021242561144633115
0.009057085224575712	0.021182243218752412
0.008955778739134335	0.02112352663538037
0.00884964467801197	0.02106639393448835
0.008738633905326587	0.021010827787374835
0.008622706528238044	0.020956811011769723
0.008501831858155118	0.020904326586863024
0.00837598835706288	0.020853357668225256
0.008245163569627234	0.020803887602597017
0.008109354041545558	0.02075589994252001
0.007968565224802049	0.020709378460784984
0.00782281137025631	0.020664307164678555
0.007672115408289937	0.020620670310005133
0.007516508817897449	0.020578452414867696
0.007356031484965886	0.020537638273189954
0.007190731550131169	0.020498212967962233
0.0070206652468853825	0.020460161884200193
0.006845896730388379	0.020423470721598978
0.006666497897546808	0.02038812550687394
0.006482548198918803	0.020354112605775614
0.006294134442867527	0.020321418734769333
0.006101350592499166	0.020290030972368867
0.005904297555892946	0.020259936770117913
0.005703082970048623	0.020231123963212177
0.005497820978957346	0.02020358078075206
0.005288632006334115	0.02017729585562471
0.005075642523318713	0.020152258234006615
0.004858984811528799	0.02012845738448323
0.004638796722019833	0.020105883206781406
0.0044152214301900194	0.02008452604011232
0.004188407187279086	0.020064376671118
0.003958507068573702	0.020045426341423086
0.003725678718697001	0.02002766675478634
0.0034900840942677647	0.02001109008385064
0.0032518892041757397	0.019995688976490438
0.003011263847633394	0.01998145656175441
0.00276838135041535	0.019968386455400968
0.002523418299346769	0.01995647276502848
0.0022765542752152257	0.01994571009479596
0.002027971584495969	0.019936093549735866
0.0017778549897258245	0.019927618739656882
0.0015263914390239997	0.019920281782638154
0.0012737697946794135	0.019914079308110337
0.00102018056095865	0.019909008459530638
0.0007658156113863335	0.019905066896642534
0.0005108679154308682	0.019902252797327026
0.00025553126491528744	0.019900564859042433
