3.1086244689504383e-15	0.019632719752463154
3.140744837886346	0.019634936990363908
3.1398987264540565	0.019641592791759612
3.1390560149758366	0.01965269940667251
3.1382183819639016	0.019668277208276158
3.137387480189954	0.019688354627614407
3.1365649281358348	0.01971296806223765
3.135752301475277	0.019742161758794122
3.13495112459991	0.019775987669636765
3.134162862206266	0.019814505283534505
3.133388910964828	0.01985778143061764
3.1326305912965093	0.01990589006174486
3.1318891392870727	0.019958912002537348
3.131165698775331	0.020016934682422147
3.1304613136563044	0.02008005183912113
3.129776920446117	0.020148363199152267
3.129113341160929	0.020221974135057993
3.1284712765674927	0.02030099530025401
3.1278512998677157	0.020385542242590614
3.1272538508844074	0.02047573499796441
3.1266792308188216	0.02057169766558226
3.126127597654323	0.02067355796678606
3.125598962282381	0.020781446789698576
3.125093185428727	0.020895497722324557
3.124609975457733	0.021015846577178265
3.124148887132742	0.021142630910966725
3.123709321407761	0.02127598954336765
3.1232905263235518	0.021416062079493554
3.122891599076959	0.021562988441205196
3.1225114893274677	0.02171690841306461
3.1221490037990547	0.021877961209343978
3.1218028122288315	0.022046285069171275
3.1214714547066027	0.022222016887531858
3.1211533504415314	0.022405291890493485
3.120846807984112	0.022596243363610078
3.1205500369228623	0.02279500244298105
3.1202611610668622	0.023001697978867756
3.119978233116583	0.023216456482022384
3.1196992508166623	0.023439402162940878
3.1194221745759276	0.023670657074019663
3.1191449465307866	0.02391034136398577
3.1188655110188486	0.02415857365290468
3.118581836419511	0.024415471534374896
3.118291938306168	0.024681152209085868
3.1179939038411497	0.024955733250527922
3.1176859173270715	0.0252393334990986
3.1173662868069547	0.025532074074865768
3.1170334715780728	0.025834079491551424
3.1166861104501633	0.02614547884448206
3.1163230505344353	0.026466407032925705
3.115943376295343	0.02679700596189359
3.115546438528496	0.027137425649565786
3.1151318828446204	0.0274878251433495
3.1146996771387023	0.027848373119488363
3.1142501374030385	0.028219248007273837
3.113783951102793	0.028600637438380115
3.1133021971714596	0.028992736773689978
3.11280636150262	0.029395746403162643
3.112298346615619	0.029809867447808384
3.111780473961086	0.030235295415646454
3.111255477113756	0.0306722112747813
3.1107264838853803	0.031120769305771633
3.1101969851921476	0.0315810809820552
3.10967078834574	0.03205319400172245
3.1091519523239945	0.03253706545773533
3.108644702538701	0.03303252798950983
3.1081533226755225	0.03353924761122418
3.1076820213573355	0.03405667176863333
3.107234771691239	0.03458396604739984
3.106815122209378	0.03511993785760115
3.10642597829422	0.035662945372825265
3.1060693538598443	0.036210790037545224
3.1057460937808488	0.03676059111220143
3.10545556822155	0.03730864105203006
3.105195340474677	0.03785024107670252
3.104960809970297	0.03837951716130016
3.1047448314932016	0.03888921795751933
3.1045373099973257	0.03937049794222496
3.1043247672619927	0.03981269150053451
3.104089871364487	0.04020308679052046
3.103810911652592	0.04052671219191178
3.103461189260668	0.04076615294531147
3.1030082741451013	0.04090142117978577
3.102413050725035	0.04090990868927704
3.1016284297583834	0.04076645810693541
3.100597534047201	0.04044359378121263
3.0992510519911574	0.03991195752231836
3.0975032626926104	0.03914099486212953
3.0952459057225474	0.03809993254621519
3.0923384711382695	0.0367590754323623
3.088592356155406	0.03509142883540455
3.0837440888245418	0.033074619785588025
3.077408074999865	0.030693049440552168
3.0689885590476402	0.027940166126497367
3.057503821642729	0.024820722550674534
3.041201927403837	0.021352919037969768
3.0166124571458997	0.01757058542782951
2.9757703502633026	0.013526639566708337
2.895686047757914	0.009304718341958236
2.676343589649715	0.005093909884111637
1.570796326794416	0.0022922588520050535
0.4652490639400342	0.005093909884113895
0.24590660583199275	0.009304718341960592
0.16582230332663528	0.013526639566710588
0.1249801964440369	0.017570585427831586
0.1003907261861019	0.021352919037971645
0.08408883194720129	0.02482072255067616
0.07260409454228478	0.027940166126498744
0.06418457859004789	0.03069304944055325
0.057848564765360155	0.033074619785588816
0.053000297434481425	0.03509142883540506
0.04925418245160618	0.036759075432362565
0.046346747867317184	0.03809993254621532
0.04408939089724395	0.0391409948621294
0.042341601598683276	0.03991195752231803
0.040995119542629244	0.0404435937812121
0.039964223831438606	0.040766458106934786
0.03917960286477662	0.04090990868927637
0.03858437944470161	0.040901421179784896
0.038131464329128395	0.040766152945310635
0.03778174193719952	0.04052671219191081
0.037502782225296905	0.04020308679051938
0.03726788632778666	0.03981269150053331
0.03705534359245144	0.03937049794222373
0.036847822096570226	0.03888921795751834
0.036631843619474136	0.03837951716129944
0.03639731311509076	0.03785024107670157
0.03613708536821658	0.03730864105202932
0.03584655980891904	0.03676059111220058
0.03552329972992441	0.036210790037544335
0.03516667529554818	0.03566294537282463
0.03477753138039086	0.03511993785760053
0.03435788189853195	0.034583966047399266
0.03391063223243718	0.03405667176863278
0.03343933091425111	0.03353924761122394
0.03294795105107351	0.03303252798950954
0.03244070126577858	0.03253706545773515
0.03192186524404228	0.03205319400172223
0.031395668397631304	0.03158108098205519
0.03086616970440259	0.0311207693057713
0.030337176476026517	0.03067221127478122
0.02981217962869831	0.03023529541564633
0.029294306974167128	0.029809867447808412
0.028786292087166654	0.029395746403162587
0.028290456418326837	0.028992736773689944
0.02780870248699907	0.028600637438380243
0.027342516186751542	0.028219248007273896
0.026892976451087236	0.027848373119488637
0.026460770745166506	0.027487825143349826
0.026046215061292344	0.027137425649566175
0.025649277294445216	0.026797005961893723
0.025269603055356082	0.02646640703292602
0.024906543139626258	0.026145478844482418
0.02455918201171503	0.025834079491551767
0.024226366782836184	0.025532074074866087
0.023906736262717665	0.025239333499098914
0.023598749748643844	0.024955733250528262
0.02330071528362021	0.024681152209086073
0.023010817170278752	0.024415471534375295
0.02272714257094277	0.024158573652904868
0.022447707059004784	0.02391034136398594
0.022170479013857047	0.023670657074019778
0.02189340277312768	0.02343940216294112
0.02161442047320339	0.02321645648202249
0.021331492522925988	0.023001697978867995
0.021042616666928637	0.022795002442981327
0.020745845605676827	0.022596243363610196
0.020439303148259924	0.022405291890493676
0.020121198883189972	0.022222016887532045
0.019789841360959848	0.022046285069171452
0.01944364979073665	0.021877961209344085
0.019081164262318318	0.021716908413064683
0.01870105451283166	0.02156298844120533
0.018302127266241364	0.021416062079493654
0.017883332182032863	0.021275989543367766
0.01744376645704815	0.021142630910966843
0.016982678132063	0.021015846577178417
0.016499468161069064	0.02089549772232472
0.01599369130740813	0.02078144678969857
0.015465055935472538	0.02067355796678609
0.014913422770975515	0.020571697665582304
0.01433880270538479	0.020475734997964398
0.013741353722070304	0.02038554224259052
0.013121377022307534	0.02030099530025398
0.012479312428867129	0.020221974135057955
0.011815733143683893	0.02014836319915211
0.011131339933484696	0.020080051839121055
0.010426954814469536	0.020016934682422192
0.009703514302735083	0.019958912002537302
0.008962062293292217	0.019905890061744775
0.008203742624965038	0.019857781430617796
0.007429791383521955	0.019814505283534418
0.006641528989889789	0.019775987669636796
0.005840352114518943	0.019742161758794168
0.005027725453965015	0.01971296806223768
0.004205173399842721	0.019688354627614483
0.003374271625895542	0.01966827720827613
0.002536638613967135	0.01965269940667259
0.0016939271357445662	0.019641592791759546
0.000847815703455268	0.019634936990363925
