3.1415926535894085	0.046116848096558465
3.1412684614236595	0.04612631259859815
3.1409447543148517	0.04615471335161855
3.1406220211165117	0.04620207209729814
3.1403007581577893	0.04626842507509489
3.1399814726890387	0.04635382302771736
3.1396646859814794	0.04645833120974431
3.139350935973539	0.04658202940036092
3.1390407793630324	0.046725011921465706
3.1387347930524574	0.04688738766269219
3.138433574864172	0.047069280115189405
3.138137743452914	0.047270827416323914
3.1378479373549686	0.04749218240777522
3.1375648131261027	0.04773351270984892
3.1372890425339683	0.047995000815172384
3.137021308784865	0.04827684420531633
3.1367623017794894	0.04857925549427299
3.1365127124073027	0.048902462603144244
3.1362732259041413	0.04924670897082381
3.1360445143129416	0.04961225380594383
3.135827228102165	0.04999937238585121
3.135621987011326	0.050408356408927026
3.135429370207027	0.05083951440715044
3.1352499058466456	0.0512931722264338
3.1350840601598646	0.051769673582947845
3.13493222617075	0.05226938070438836
3.1347947121946436	0.05279267506593468
3.1346717302554175	0.053339958231524945
3.1345633845788807	0.053911652811987315
3.1344696603280013	0.054508203552587044
3.134390412754726	0.05513007856360362
3.1343253569519076	0.05577777070870678
3.1342740583970707	0.05645179916708676
3.1342359244876157	0.057152711186554496
3.1342101972747143	0.05788108404611194
3.1341959476104457	0.05863752724777571
3.1341920709299855	0.059422684958715014
3.1341972848976964	0.060237238725938044
3.1342101291526614	0.06108191048680995
3.134228967395854	0.06195746589949169
3.1342519920669893	0.06286471801783769
3.1342772318643064	0.06380453133526061
3.1343025623646077	0.06477782622132114
3.1343257200029333	0.06578558377313339
3.1343443196710705	0.06682885110074714
3.134355876190225	0.0679087470611082
3.134357829904774	0.06902646844848404
3.1343475766292075	0.07018329663981192
3.134322502157875	0.07138060468045279
3.13428002151401	0.072619864778418
3.1342176230690058	0.07390265615206405
3.134132917601237	0.07523067314609663
3.134023692282996	0.07660573349164795
3.1338879694802566	0.07802978653603818
3.13372407011862	0.07950492120381353
3.1335306812057184	0.08103337336947815
3.1333069269006693	0.0826175322198913
3.1330524422803228	0.08425994505556415
3.132767448665942	0.08596331981898625
3.132452829039221	0.08773052443715894
3.132110201691114	0.08956458181572713
3.1317419898110828	0.09146865901253233
3.13135148424093	0.0934460487359658
3.1309428960933676	0.09550014084247015
3.1305213953823467	0.09763438092932333
3.130093131247963	0.09985221241165992
3.129665228807307	0.10215699761130928
3.1292457571565526	0.10455191234103528
3.1288436626276823	0.10703980720985191
3.1284686611129002	0.10962302737053772
3.1281310831625597	0.11230318064756505
3.1278416656935653	0.11508084189610875
3.127611284567326	0.11795517903713133
3.127450623054494	0.12092348350084155
3.127369772326506	0.12398058484498185
3.1273777616049463	0.1271181262197134
3.1274820174261047	0.13032367436284892
3.127687753560827	0.13357963533364434
3.127997295332203	0.13686194588996917
3.128409344191727	0.14013851131069696
3.128918190162494	0.14336736511216153
3.1295128807446035	0.14649453676786378
3.130176354551661	0.14945163341695739
3.1308845454710688	0.15215317500893125
3.131605457112198	0.15449377507090895
3.1322981951558737	0.15634533823911972
3.1329119219515005	0.15755455845474586
3.1333846533063614	0.1579411548903666
3.133641731437545	0.1572974784132464
3.1335936381804173	0.15539035110262717
3.1331324690547566	0.15196623539646129
3.1321256741999193	0.14676100294198494
3.130404126059477	0.13951557067399487
3.127738033519583	0.12999832040924789
3.123785436129342	0.11803431192693745
3.1179736437860996	0.10353968619810582
3.1091954050166786	0.0865574383328915
3.094889126529546	0.06728870453207675
3.067366677603727	0.046115013985545995
2.9885551892304214	0.023638227486996143
1.5707963268062546	0.0036676219710470824
0.15303746435898535	0.02363822748691271
0.07422597598527814	0.04611501398546956
0.046703527059411165	0.06728870453201241
0.032397248572293424	0.08655743833284306
0.023619009802917645	0.10353968619807612
0.017807217459735458	0.1180343119269276
0.013854620069570611	0.1299983204092583
0.01118852752976185	0.13951557067402467
0.009466979389415542	0.14676100294203254
0.008460184534682114	0.1519662353965241
0.007999015409131616	0.15539035110270213
0.007950922152118345	0.1572974784133303
0.008208000283418393	0.15794115489045552
0.008680731638393446	0.157554558454836
0.00929445843413168	0.15634533823920785
0.00998719647791324	0.1544937750709915
0.010708108119139137	0.1521531750090055
0.011416299038632616	0.14945163341702108
0.012079772845762449	0.14649453676791466
0.012674463427929883	0.14336736511219783
0.013183309398736576	0.14013851131071775
0.013595358258283063	0.13686194588997375
0.013904900029662492	0.1335796353336328
0.014110636164367918	0.13032367436282186
0.01421489198549164	0.1271181262196719
0.014222881263876275	0.12398058484492618
0.014142030535816641	0.12092348350077323
0.013981369022894707	0.11795517903705226
0.013750987896552935	0.11508084189602061
0.013461570427440783	0.11230318064746997
0.013123992476972823	0.10962302737043753
0.012748990962055728	0.10703980720974854
0.012346896433044208	0.10455191234093093
0.011927424782145035	0.10215699761120614
0.011499522341345436	0.09985221241155971
0.011071258206818868	0.0976343809292276
0.010649757495663437	0.09550014084238047
0.010241169347971368	0.0934460487358839
0.009850663777700497	0.09146865901245893
0.009482451897560917	0.08956458181566368
0.00913982454936102	0.08773052443710586
0.008825204922561003	0.08596331981894456
0.00854021130811855	0.08425994505553419
0.00828572668772809	0.08261753221987317
0.008061972382654492	0.08103337336947218
0.00786858346974606	0.07950492120381923
0.007704684108121196	0.07802978653605569
0.007568961305413513	0.07660573349167653
0.00745973598722216	0.07523067314613564
0.00737503051952082	0.07390265615211274
0.007312632074602643	0.07261986477847525
0.007270151430838201	0.07138060468051803
0.007245076959620178	0.0701832966398838
0.007234823684182601	0.06902646844856199
0.007236777398870409	0.0679087470611908
0.007248333918176808	0.06682885110083331
0.007266933586466351	0.06578558377322188
0.00729009122495583	0.06477782622141125
0.007315421725424098	0.06380453133535066
0.007340661522907244	0.06286471801792687
0.007363686194208352	0.0619574658995788
0.007382524437568705	0.06108191048689414
0.007395368692689974	0.06023723872601815
0.007400582660553212	0.0594226849587905
0.007396705980238227	0.05863752724784568
0.007382456316100683	0.057881084046175556
0.007356729103320969	0.057152711186611506
0.007318595193974264	0.05645179916713649
0.007267296639231091	0.0557777707087491
0.0072022408364889046	0.05513007856363785
0.0071229932632732584	0.054508203552613294
0.007029269012438721	0.05391165281200553
0.006920923335927753	0.05333995823153507
0.006797941396710527	0.05279267506593697
0.006660427420593695	0.0522693807043829
0.006508593431454379	0.051769673582935084
0.00634274774462984	0.05129317222641402
0.006163283384185814	0.05083951440712405
0.0059706665798144876	0.050408356408894836
0.005765425488888365	0.04999937238581378
0.00554813927800879	0.049612253805901625
0.00531942768669369	0.04924670897077754
0.005079941183416814	0.048902462603094894
0.004830351811100808	0.04857925549422106
0.004571344805592847	0.04827684420526248
0.004303611056344803	0.04799500081511784
0.0040278404640754495	0.04773351270979435
0.0037447162350723318	0.04749218240772137
0.003454910136985845	0.04727082741627148
0.0031590787255924013	0.04706928011513933
0.0028578605371785137	0.046887387662644706
0.0025518742264889482	0.046725011921421804
0.0022417176158717744	0.046582029400321114
0.001927967607833203	0.04645833120970917
0.0016111809001881916	0.046353823027687514
0.0012918954313652087	0.046268425075070445
0.0009706324725873294	0.046202072097279605
0.0006478992742082745	0.046154713351606105
0.0003241921653716062	0.04612631259859184
