3.1415926534403553	0.00041768472676410667
0.03252142146185388	0.0004181447764817671
0.06485481107610669	0.00041952475727544906
0.09681528267118145	0.0004218241915360874
0.12822412537089356	0.0004250423765055805
0.1589116081628541	0.00042917851831034956
0.1887194699734125	0.00043423190831604985
0.2175030279944017	0.0004402021314029746
0.24513286322254402	0.0004470892939219403
0.2714960682285006	0.0004548942578964344
0.29649706563764644	0.00046361886742576496
0.32005802484499357	0.00047326615314818605
0.3421189180273343	0.00048384050093834064
0.3626372643978981	0.000495347771609042
0.3815876143872994	0.0005077953592117228
0.3989608239762159	0.000521192176508309
0.41476316500594335	0.0005355485573070025
0.4290153111849757	0.000550876066620129
0.441751232836773	0.0005671872110572968
0.45301702708164004	0.0005844950435073997
0.4628697047717907	0.0006028126580613907
0.47137595141489985	0.0006221525732496797
0.47861087670034674	0.0006425260040256042
0.4846567659078813	0.0006639420254818242
0.48960184625064684	0.0006864066339584503
0.4935390816766434	0.000709921713941252
0.49656501050072377	0.0007344839218588506
0.4987786410431623	0.0007600835004784167
0.500280420925487	0.0007867030400380506
0.5011712955835033	0.0008143162044567272
0.5015518707730178	0.0008428864429591771
0.5015216923554315	0.0008723657092205888
0.5011786545283394	0.0009026932117779898
0.5006185450972369	0.000933794220991409
0.49993473354567897	0.0009655789594255488
0.49921800482520995	0.0009979416042375882
0.4985565391515623	0.0010307594321222377
0.4980360358716114	0.001063892139700378
0.4977399778023779	0.0010971813750312797
0.49775003141202534	0.0011304505192500339
0.49814657784903327	0.0011635047612674344
0.49900937007900925	0.0011961315130025107
0.5004183121383363	0.0012281012177971576
0.502454357608972	0.0012591686104149362
0.5052005255762575	0.001289074493292395
0.5087430332314806	0.0013175481003450124
0.5131725444201871	0.0013443101264198798
0.5185855321648587	0.0013690765070650597
0.5250857495093841	0.0013915630391443572
0.5327857955979356	0.0014114909371334364
0.5418087506560827	0.0014285934214351094
0.5522898316474456	0.0014426234318557862
0.5643779857099043	0.0014533625485973864
0.5782372853944886	0.0014606311803688383
0.5940479106818799	0.001464300038073137
0.6120063882250015	0.0014643028434968397
0.6323245974962668	0.0014606501121082849
0.6552268367036955	0.001453443679173924
0.680943965132419	0.0014428913856326848
0.7097033168451778	0.0014293209783767268
0.7417127635857073	0.0014131917866116142
0.7771371068865172	0.0013951021098507594
0.8160651125287592	0.0013757895426931696
0.8584662897697193	0.0013561208148365664
0.9041383544952124	0.001337067447017143
0.9526494737037798	0.0013196641104954705
1.0032836534545608	0.0013049486499007192
1.055001835245652	0.0012938867692350244
1.1064331267855625	0.0012872902459455256
1.155907501573135	0.0012857439527279618
1.201532274794588	0.0012895614999175104
1.2413023881191112	0.0012987893086425647
1.2732252132705137	0.0013132731284946442
1.2954403899085867	0.0013327905796151492
1.3063256256740756	0.0013572409496373605
1.3045954265389286	0.0013868711603700372
1.2894123146424845	0.0014225040205621522
1.2605296799779697	0.0014657196631805412
1.2184647230262826	0.0015189242826641478
1.1646585451904883	0.0015852310734827233
1.1015346395494818	0.0016680954213950292
1.0323562975906198	0.0017707069696052977
0.9608480411939055	0.001895235172268483
0.8906716828205594	0.0020421011315014384
0.8249432620525159	0.002209447948503554
0.7659564975338258	0.0023929007570149675
0.715160968116471	0.002585608881710656
0.6733300197714849	0.00277851148904456
0.6408139103498547	0.0029607758873419396
0.617798917026068	0.0031203925006963065
0.6045393578299967	0.003244939471648617
0.6015670148894121	0.0033225396033789868
0.6099051701842946	0.0033430261300489003
0.6313277682737404	0.0032993225571710393
0.6687121834184273	0.0031890399970808062
0.7265260637797213	0.0030163178808259258
0.8114059734391006	0.002793977275474366
0.9324275576872401	0.0025460092893473014
1.09957103689075	0.002309762397785431
1.317071368562858	0.0021345582637669895
1.5707963251513064	0.00206897377241132
1.8245212820046839	0.0021345582621185772
2.042021614283639	0.0023097623949958966
2.2091650941327092	0.002546009286091562
2.330186678919309	0.0027939772723368592
2.4150665889953205	0.003016317878234071
2.4728804696805953	0.003189039995319717
2.51026488508916	0.003299322556411015
2.5316874834086542	0.003343026130366477
2.540025638919478	0.0033225396047727373
2.537053296196036	0.003244939474051699
2.5237937372303705	0.0031203925039876602
2.5007787441597733	0.002960775891356828
2.468262635020815	0.0027785114935860037
2.4264316869902185	0.0025856088865606817
2.3756361579143337	0.0023929007619481898
2.3166493937499704	0.002209447953302244
2.250920973323379	0.002042101135972413
2.1807446152425287	0.0018952351762605635
2.1092363590487695	0.0017707069730229928
2.040058017168607	0.0016680954242045813
1.9769341114617092	0.0015852310757065577
1.9231279334141405	0.0015189242843655854
1.881062976119448	0.001465719664442453
1.8521803410045272	0.0014225040214658786
1.836997228577853	0.0013868711609801353
1.8352670288590487	0.0013572409499920807
1.8461522640127428	0.001332790579723867
1.8683674400356884	0.0013132731283407816
1.9002902645924884	0.0012987893081899252
1.940060377365851	0.0012895614991191874
1.9856851501008759	0.001285743951536166
2.035159524482223	0.0012872902443200858
2.086590815705356	0.0012938867671499126
2.138308997270709	0.0013049486473479144
2.1889431768822725	0.0013196641074865187
2.23745429602798	0.0013370674435810282
2.2831263607543377	0.0013561208110177843
2.3255275380468214	0.0013757895385468116
2.364455543778923	0.001395102105440392
2.3998798871968496	0.0014131917820042973
2.431889334073455	0.0014293209736416744
2.4606486859342627	0.0014428913808380108
2.486365814518355	0.0014534436743857302
2.509268053884824	0.0014606501073887608
2.529586263316447	0.001464302838903684
2.547544741020261	0.0014643000336594472
2.5633553664675475	0.0014606311761818313
2.577214666311265	0.0014533625446791396
2.58930282053202	0.0014426234282429583
2.5997839016812665	0.001428593418158831
2.608806856897262	0.0014114909342194046
2.6165069031442574	0.0013915630366131018
2.6230071206484116	0.0013690765049323812
2.6284201085544034	0.0013443101246968293
2.6328496199069242	0.0013175480990383066
2.636392127728695	0.0012890744924046352
2.639138295866227	0.0012591686099449266
2.6411743415106845	0.001228101217740281
2.642583283748097	0.0011961315133512801
2.643446076160444	0.0011635047620109998
2.6438426227842338	0.0011304505203753481
2.643852676584669	0.0010971813765230155
2.6435566187103805	0.0010638921415412781
2.6430361156286266	0.0010307594342931976
2.6423746501557916	0.000997941606718311
2.6416579216380285	0.0009655789621946242
2.6409741102894495	0.0009337942240264058
2.6404140010603143	0.0009026932150559212
2.6400709634324953	0.0008723657127180789
2.640040785209403	0.0008428864466526191
2.6404213605864797	0.0008143162083223847
2.641312235422335	0.0007867030440522981
2.642814015470452	0.0007600835046178551
2.6450276461637223	0.0007344839261003186
2.6480535751208887	0.0007099217182619978
2.6519908106587042	0.0006864066383360064
2.656935891089687	0.0006639420298942272
2.662981780359152	0.0006425260084514019
2.6702167056769244	0.0006221525776676743
2.6787229523211793	0.0006028126624508287
2.688575629979383	0.0005844950478478146
2.6998414241579463	0.0005671872153284892
2.712577345707466	0.0005508760708020897
2.7268294917498688	0.0005355485613799274
2.7426318326088097	0.0005211921804526825
2.7600050419953335	0.0005077953630076884
2.7789553917523118	0.0004953477752374509
2.7994737378656516	0.00048384050438003153
2.8215346307710565	0.00047326615638422476
2.8450955896874097	0.0004636188704376615
2.870096586798094	0.00045489426066671257
2.896459791505448	0.00044708929643341293
2.9240896264441334	0.00044020213363965284
2.952873184192072	0.00043423191026318035
2.9826810457549033	0.0004291785199546234
3.01336852833179	0.00042504237783559754
3.04477737085589	0.00042182419254218674
3.0767378423211227	0.0004195247579504464
3.109071231855736	0.00041814477682042647
