3.1415926535263647	0.001005851187477701
0.05297404705125608	0.0010085495099732495
0.10525142625954897	0.001016648113987759
0.156160907571941	0.001030157961774096
0.20508069193546064	0.0010490974680889937
0.25145965522563696	0.0010734925727374617
0.2948348006309782	0.0011033765196164097
0.3348442197891819	0.0011387889570021207
0.3712352364410796	0.0011797738133863622
0.4038677578893384	0.0012263752578686828
0.4327131487963225	0.0012786309622309058
0.4578491504623945	0.0013365618812188858
0.4794515018959111	0.0014001578880052988
0.4977829982644191	0.0014693588597436095
0.5131807724754678	0.001544031204034542
0.5260426223870076	0.0016239403362761512
0.5368132294000354	0.0017087202340842803
0.5459711096181268	0.0017978418775120909
0.5540170854662865	0.0018905831053457932
0.5614649458002843	0.001986003160986805
0.5688347673472092	0.002082925960547742
0.5766490989813855	0.00217993689016837
0.5854318606361533	0.0022753987169804534
0.5957093611920672	0.0023674929261526733
0.6080122387213431	0.0024542933387993017
0.6228762613822285	0.002533878939393222
0.6408386220082929	0.0026044919287435773
0.662424389584368	0.0026647442546212322
0.6881149679416083	0.0027138699442709265
0.718286902954699	0.002752009756509712
0.7531062825810011	0.002780497417159968
0.7923644719546905	0.002802093354928831
0.8352514352313616	0.0028210886335418863
0.8800922459058156	0.0028431965553177663
0.9241249151706774	0.002875193780032008
0.9634585019193653	0.0029243951596794352
0.993375870308002	0.0029982204570338546
1.0090863772384608	0.003104192175761898
1.0068873473275124	0.003250449150340732
0.9855026755002467	0.0034461293536811825
0.9471558779225266	0.003700057991068624
0.897777900811974	0.004015983246854914
0.8459696490451329	0.004384172042005449
0.8011658094958753	0.004772281492513691
0.7722323857995699	0.005120986524493844
0.7675385913139783	0.005350148510691918
0.7966924543643934	0.0053797664139939765
0.8735467497716138	0.005167170130991015
1.0189299194137749	0.004756502504431882
1.2549745426215415	0.004320947912454703
1.5707963259950866	0.004126789742561618
1.8866181096334813	0.0043209479106115075
2.1226627333580854	0.004756502502129142
2.268045903464638	0.005167170129614474
2.344900199240083	0.005379766414286152
2.3740540626028572	0.005350148512768994
2.369360268405583	0.0051209865280196125
2.3404268449787096	0.004772281496896586
2.2956230056560933	0.004384172046591207
2.2438147540269373	0.0040159832510864675
2.194436776916085	0.003700057994577821
2.1560899791746726	0.0034461293562915727
2.134705307033375	0.003250449152002616
2.1325062767050587	0.0031041921764744878
2.148216783178278	0.002998220456799328
2.1781341511317533	0.0029243951585008134
2.217467737514684	0.002875193777936847
2.2615004065090005	0.002843196552381114
2.3063412170138657	0.0028210886298953904
2.349228180212833	0.002802093350753215
2.388486369584818	0.0027804974126664672
2.4233057492683177	0.002752009751920071
2.453477684382607	0.0027138699397990383
2.479168262873534	0.002664744250459722
2.500754030607523	0.002604491925054911
2.518716391410158	0.0025338789363065
2.533580414262576	0.0024542933364079915
2.545883291995449	0.002367492924516506
2.556160792764694	0.002275398716127784
2.564943554640204	0.0021799368900994307
2.572757886499539	0.002082925961239735
2.5801277082721423	0.001986003162396823
2.587575568827931	0.0018905831074158194
2.5956215448881785	0.0017978418801723422
2.604779425301793	0.0017087202372564382
2.615550032486528	0.0016239403398763121
2.628411882538072	0.0015440312079752683
2.643809656849803	0.0014693588639357318
2.662141153272769	0.0014001578923587363
2.6837435047095566	0.0013365618856434908
2.708879506324414	0.0012786309666368014
2.7377248971265518	0.0012263752621664752
2.770357418420012	0.0011797738174885142
2.8067484348761207	0.0011387889608228212
2.8467578538093763	0.0011033765230735
2.8901329989776228	0.0010734925757537146
2.9365119620362226	0.001049097470595109
2.98543174619362	0.0010301579637101606
3.0363412273434656	0.0010166481153061743
3.0886186064475467	0.0010085495106409558
