3.1415926535894303	0.04492486650960963
3.1368181345226804	0.045073421587101856
3.132129938637652	0.0455208422195616
3.1276149303420366	0.04627239860856409
3.1233595300925745	0.04733689765592154
3.1194460701068536	0.04872675295424939
3.1159460584404677	0.05045815507719421
3.1129107797949738	0.052551419843750405
3.110360527005275	0.055031623746500516
3.1082745122674305	0.05792967656287744
3.1065841092953184	0.06128403344169708
3.105172547555899	0.06514330757240869
3.10388453206307	0.06957008264497187
3.1025493542781746	0.0746461556907251
3.1010203309802113	0.08047903789999344
3.0992304978867837	0.08720824966003067
3.097256861146295	0.09500648209144551
3.0953697024990467	0.10406218868373272
3.0940172777614117	0.11451048031054713
3.093664486256866	0.12623646304428932
3.0943831960961594	0.13839276130317113
3.0950906569251653	0.14836031754527781
3.0922310290917507	0.14994468913371573
3.076524467590331	0.13180383055221415
3.012492819375911	0.08142053704540674
1.5707963267981029	0.011582939600566992
0.12909983421315818	0.08142053704535766
0.06506818599892483	0.13180383055223754
0.04936162449789894	0.14994468913379133
0.04650199666491295	0.14836031754535486
0.047209457494226115	0.13839276130320685
0.04792816733358096	0.12623646304426658
0.04757537582880911	0.11451048031047456
0.046222951090717945	0.10406218868363545
0.04433579244291774	0.0950064820913535
0.04236215570194357	0.08720824965996765
0.04057232260822863	0.08047903789997253
0.039043299310256074	0.0746461556907488
0.03770812152563785	0.06957008264503133
0.03642010603331691	0.0651433075724894
0.03500854429452849	0.06128403344178213
0.03331814132305011	0.05792967656295059
0.031232126585713615	0.05503162374654988
0.028681873796301716	0.05255141984377003
0.02564659515082468	0.05045815507718414
0.022146583484193183	0.0487267529542154
0.018233123498027304	0.047336897655873116
0.01397772324802915	0.046272398608513385
0.009462714951907536	0.04552084221952002
0.004774519066515381	0.04507342158707872
