3.9968028886505635e-15	0.019097004780123397
3.1384915802256037	0.019105638419932295
3.1354065668325903	0.0191316019561141
3.1323534097580716	0.019175082415878807
3.129347377284687	0.01923638876908864
3.1264029440029564	0.019315947820680766
3.1235335244971076	0.019414298474576416
3.120751208085434	0.019532084391214274
3.1180664978943775	0.01967004507832828
3.1154880592766787	0.019829005480899765
3.113022484386174	0.02000986417372649
3.1106740814502434	0.02021358031123329
3.1084446987865064	0.020441159556439194
3.1063335947439934	0.02069363929656089
3.1043373653851547	0.020972073558031146
3.1024499417695357	0.021277518158923495
3.1006626681131513	0.021611016779816892
3.098964470892296	0.02197358878937758
3.0973421272052692	0.02236621981714903
3.095780638498548	0.022789856203689503
3.0942637131983464	0.023245404545413906
3.0927743588876737	0.023733737538618807
3.0912955813107796	0.024255707139126767
3.089811183303791	0.024812165580089196
3.0883066510316204	0.02540399387098219
3.086770106504111	0.026032135809665177
3.085193292605688	0.026697632963425904
3.083572537693154	0.02740165209055894
3.0819096188173125	0.028145490524463267
3.080212403611952	0.02893053642394279
3.078495099706173	0.029758148667246808
3.076777878321968	0.030629404626550435
3.0750855706777305	0.0315446423107879
3.0734450725812685	0.03250269612300785
3.0718810504176837	0.03349969373925355
3.0704095390042863	0.03452724905738967
3.0690290688606154	0.0355698615213921
3.0677090395215814	0.036601332904206016
3.066375087865008	0.037580070285818445
3.0648909979302914	0.038443309767045124
3.0630358868536645	0.03910064391682198
3.0604732580610374	0.03942785761955105
3.056703529219643	0.03926304415916302
3.0509801888782446	0.03840825257391876
3.0421417394039696	0.03664120647066991
3.0282351779861116	0.03374216417781653
3.0055650541216217	0.029539553840628188
2.9658717640429866	0.02397419235347604
2.8855928426849067	0.017182990270348017
2.663127291102318	0.009687952035864679
1.5707963267946585	0.004499617864541948
0.47846536248752436	0.009687952035867146
0.25599981090501345	0.01718299027035031
0.17572088954693754	0.02397419235347793
0.13602759946828868	0.029539553840629472
0.11335747560377607	0.033742164177817335
0.09945091418589636	0.03664120647067019
0.09061246471159778	0.03840825257391851
0.08488912437018081	0.03926304415916237
0.08111939552876679	0.039427857619550255
0.07855676673612733	0.03910064391682111
0.07670165565949061	0.03844330976704411
0.07521756572476557	0.03758007028581749
0.07388361406818866	0.03660133290420515
0.07256358472915325	0.03556986152139127
0.07118311458548243	0.03452724905738898
0.0697116031720868	0.03349969373925289
0.0681475810085046	0.032502696123007505
0.06650708291204221	0.031544642310787616
0.06481477526781099	0.030629404626550286
0.06309755388361005	0.029758148667246728
0.06138024997783287	0.0289305364239428
0.05968303477247261	0.028145490524463173
0.05802011589663447	0.027401652090558885
0.05639936098409848	0.026697632963426133
0.054822547085678686	0.026032135809665343
0.053286002558169177	0.025403993870982466
0.05178147028600044	0.024812165580089446
0.0502970722790157	0.02425570713912708
0.04881829470211363	0.023733737538619258
0.04732894039144275	0.023245404545414204
0.04581201509124222	0.022789856203689857
0.04425052638451765	0.022366219817149344
0.042628182697491024	0.021973588789377746
0.040929985476641395	0.02161101677981708
0.039142711820257414	0.02127751815892354
0.03725528820463486	0.020972073558031306
0.0352590588457975	0.02069363929656102
0.03314795480328847	0.020441159556439343
0.030918572139546185	0.020213580311233183
0.028570169203619766	0.020009864173726553
0.026104594313106855	0.019829005480899716
0.023526155695420936	0.019670045078328296
0.02084144550435818	0.019532084391214167
0.018059129092697024	0.01941429847457636
0.015189709586834077	0.019315947820680877
0.012245276305112185	0.01923638876908857
0.009239243831726363	0.019175082415878755
0.006186086757204112	0.01913160195611407
0.003101073364192075	0.019105638419932278
