3.1415926530928795	0.00012421205045190037
0.028393013164448533	0.00012431172442939082
0.0566673550105099	0.00012461048971060457
0.0847062351443606	0.00012510758346858335
0.11239655062684717	0.0001258017594323228
0.13963054257648544	0.00012669132427732194
0.16630724554012843	0.00012777418614783395
0.19233368448131793	0.00012904791312742832
0.2176257918976141	0.000130509799171119
0.24210903532257255	0.0001321569348814171
0.26571876173272013	0.00013398628055396109
0.2884002792006104	0.00013599473910240706
0.3101087065988746	0.0001381792267738426
0.3308086288268144	0.00014053673992055085
0.3504735982794709	0.00014306441650058227
0.3690855233123389	0.00014575959136295947
0.3866339820857343	0.0001486198447351471
0.40311549604756713	0.00015164304364869335
0.4185327921057458	0.00015482737629319963
0.43289407700209637	0.00015817137948511182
0.4462123417655679	0.00016167395957931977
0.45850470902947116	0.000165334407241261
0.46979183140163716	0.00016915240654366573
0.48009734528130643	0.00017312803886196395
0.4894473814045659	0.00017726178203545737
0.4978701310877023	0.0001815545052266156
0.5053954653576924	0.00018600745987571563
0.5120546030712183	0.00019062226710102648
0.5178798233616182	0.0001954009018501169
0.5229042174769232	0.0002003456740650394
0.5271614749957689	0.00020545920708836554
0.5306856995865901	0.0002107444135006844
0.5335112497859211	0.00021620446855602363
0.535672600675289	0.0002218427813645507
0.5372042228138607	0.00022766296395139088
0.5381404752446026	0.00023366879831876358
0.5385155099235517	0.00023986420162976706
0.5383631853448159	0.0002462531896340217
0.5377169876246328	0.00025283983845971413
0.5366099576657111	0.000259628244895044
0.535074623431532	0.00026662248529680794
0.5331429366324985	0.0002738265732603245
0.5308462134248977	0.0002812444161994988
0.5282150789251241	0.00028887977098328207
0.525279415517923	0.00029673619878655625
0.5220683150781404	0.0003048170193060995
0.5186100353050644	0.0003131252645038712
0.5149319604213467	0.00032166363202957546
0.5110605665266816	0.0003304344384771251
0.5070213918770223	0.0003394395726266676
0.5028390123358069	0.00034868044881051797
0.4985370222113885	0.0003581579605471113
0.49413802062192236	0.0003678724345673848
0.4896636034742574	0.0003778235853613024
0.4851343610743788	0.00038801047035840294
0.48056988130894096	0.00039843144585109745
0.4759887582778788	0.0004090841237635486
0.4714086061896534	0.0004199653293620969
0.46684607827917146	0.0004310710600040815
0.462316890456564	0.000442396445008796
0.457835849362922	0.0004539357067448592
0.4534168844736479	0.0004656821230215576
0.44907308387845823	0.0004776279908758553
0.44481673335830907	0.0004897645918501226
0.44065935837701753	0.0005020821588643604
0.43661176861929585	0.000514569844791669
0.43268410472037067	0.0005272156928531205
0.4288858868612886	0.0005400066089707707
0.42522606493016024	0.0005529283362102097
0.42171306998436675	0.0005659654314840169
0.41835486678984646	0.0005791012446779535
0.41515900725102073	0.0005923179004032646
0.41213268459124475	0.0006055962825773675
0.40928278819037534	0.0006189160220701248
0.40661595902681835	0.0006322554876687786
0.404138645724621	0.0006455917806379578
0.4018571612539046	0.0006589007331774654
0.39977774037627345	0.0006721569111087964
0.3979065979847922	0.000685333621146116
0.39624998853315363	0.000698402923138115
0.394814266803984	0.0007113356477009367
0.39360595031879697	0.0007241014196948437
0.39263178375139596	0.0007366686880296758
0.3918988057669681	0.0007490047623303996
0.39141441877020533	0.0007610758570264837
0.3911864621239891	0.0007728471434779534
0.39122328946663254	0.000784282810799285
0.3915338508502071	0.00079534613609084
0.3921277805109673	0.0008059995648443544
0.39301549118686996	0.0008162048023571213
0.3942082760191754	0.0008259229170466447
0.395718419203801	0.0008351144566425803
0.39755931670637157	0.0008437395783127322
0.39974560852500707	0.0008517581938702032
0.402293324168872	0.0008591301313213362
0.40522004323370986	0.0008658153141258471
0.4085450731916782	0.0008717739596774424
0.41228964676711266	0.0008769667986665922
0.4164771415616748	0.0008813553171598873
0.42113332489865396	0.0008849020234313737
0.4262866271824448	0.0008875707418049653
0.43196844741121376	0.0008893269360395933
0.4382134948120595	0.0008901380650734878
0.44506017087740046	0.0008899739742978137
0.452550996322282	0.0008888073259182895
0.4607330876065334	0.0008866140723985391
0.4696586875835944	0.0008833739774729347
0.4793857544368376	0.0008790711897565164
0.4899786121609093	0.0008736948745520287
0.5015086641930631	0.0008672399100441956
0.5140551690436204	0.0008597076546309163
0.5277060724145133	0.0008511067926082104
0.542558883650162	0.0008414542656628981
0.5587215744902787	0.0008307762974902203
0.5763134637623706	0.0008191095180199859
0.5954660312211262	0.0008065021918176659
0.6163235752303482	0.0007930155515981169
0.639043589991628	0.0007787252315604067
0.6637966860663811	0.0007637227852112678
0.6907658108857984	0.0007481172568241202
0.7201444431374919	0.0007320367525916732
0.7521333390792377	0.0007156299244033152
0.7869353092603744	0.000699067233473983
0.8247474212906107	0.0006825418009775212
0.8657499956475156	0.0006662695787118123
0.9100918467055688	0.0006504884895969594
0.9578715025609759	0.0006354561083672614
1.009114707605911	0.000621445401833168
1.0637494389541815	0.000608738064130455
1.121580928000701	0.000597615114697462
1.1822705685453934	0.0005883447216459784
1.245323666335647	0.0005811676870421512
1.3100910964462686	0.0005762816343035245
1.3757884792671462	0.0005738255326908899
1.4415333072394507	0.0005738665682222425
1.5063962080610374	0.0005763913172891181
1.5694586451383898	0.0005813026120692214
1.6298674248002047	0.0005884225221142456
1.6868772640019483	0.0005975008109836585
1.7398759683283678	0.0006082274021866729
1.7883910633887719	0.0006202470282710809
1.8320804225527867	0.0006331743609186984
1.8707115550428624	0.0006466083802568164
1.9041346371763863	0.0006601453280132607
1.9322535751683725	0.0006733901283568387
1.9549980543897276	0.0006859665614873061
1.9722982018645063	0.000697526723655773
1.984062471441363	0.0007077604339367395
1.990158758480886	0.0007164052971983802
1.9903985572472764	0.000723258141660867
1.9845241579470017	0.000728188537350362
1.9721994384829915	0.0007311550630892264
1.953005785993379	0.0007322248862962012
1.9264461706648746	0.000731596967987857
1.8919624420204433	0.000729628656693058
1.8489733647060098	0.0007268643619864579
1.7969430109912552	0.0007240631145336375
1.7354889734699195	0.000722218907052027
1.6645339069541676	0.0007225639678379212
1.5844876935068268	0.0007265417875601247
1.4964195978016568	0.0007357366890315762
1.4021494570756075	0.0007517540138022664
1.3041793740067238	0.0007760615942185666
1.2054305039915567	0.000809823998274301
1.108839046067267	0.0008537728469262798
1.0169451789066088	0.0009081472833907899
0.9316129138977916	0.0009727111819944553
0.8539439329663954	0.001046825728222992
0.7843568540765533	0.0011295440035125578
0.7227549868284902	0.001219699801500001
0.668709517107485	0.0013159764515152624
0.6216145720682977	0.0014169533531218123
0.5807994161865913	0.0015211344695430997
0.5456004019388865	0.0016269649466495802
0.515402067980756	0.0017328414389858448
0.4896573579366774	0.001837120306622523
0.46789502125453764	0.0019381264560461911
0.4497199010431512	0.0020341645245688573
0.43480983638149295	0.00212353336545685
0.42291149492673474	0.002204544303704288
0.41383654138795567	0.002275543316296428
0.4074590135828129	0.002334937082579113
0.4037145090523562	0.002381222711048236
0.4026017041841148	0.002413020860748893
0.40418679139348734	0.002429111938388339
0.40861161510552435	0.002428475082173447
0.41610662830651357	0.0024103297739540633
0.42701031986209204	0.002374180209570623
0.44179754929116744	0.002319863095322483
0.4611203675720801	0.002247600473016386
0.48586649809790927	0.0021580607405426626
0.5172426933597913	0.002052433591540094
0.5568921997033236	0.0019325286654777716
0.6070555427348183	0.0018009138496601418
0.6707752080897587	0.001661117348507441
0.7521086969238819	0.0015179244201194075
0.8562042906454077	0.0013777894528326149
0.988825169210517	0.0012493063922865038
1.1544646175036348	0.0011434209795158883
1.352194325335372	0.0010725410628420644
1.5707963235010594	0.0010474400824093794
1.7893983220044873	0.0010725410613660938
1.9871280306737273	0.0011434209768074806
2.15276747996517	0.0012493063887040288
2.2853883594508257	0.0013777894487245034
2.389483953928307	0.0015179244157709577
2.4708174433539463	0.0016611173441374234
2.5345371091653934	0.0018009138454341135
2.5847004525508295	0.001932528661522001
2.6243499591726396	0.0020524335879521256
2.655726154657707	0.002158060737398408
2.6804722853668537	0.0022476004703745754
2.6997951038023	0.0023198630932279233
2.7145823333654833	0.002374180208056128
2.7254860250409827	0.0024103297730415293
2.732981038352847	0.0024284750818752564
2.7374058621706148	0.002429111938707741
2.738990949484175	0.0024130208616808643
2.7378781447217753	0.0023812227125800675
2.7341336403018683	0.002334937084690625
2.727756112615177	0.0022755433189606076
2.7186811592059845	0.002204544306887767
2.70678281789579	0.002123533369120084
2.6918727533977176	0.002034164528666584
2.673697633373832	0.0019381264605272534
2.6519352969087375	0.0018371203114307968
2.626190587117648	0.0017328414440595933
2.5959922534557816	0.0016269649519215232
2.560793239555668	0.0015211344749403825
2.5199780840810555	0.0014169533585656334
2.4728831395162696	0.0013159764569207083
2.4188376703420906	0.001219699806776211
2.3572358037133756	0.001129544008563289
2.2876487255068945	0.0010468257329485002
2.2099797453009518	0.0009727111862953309
2.124647481021314	0.0009081472871736051
2.0327536145393834	0.0008537728501121265
1.9361621571789307	0.0008098240008081565
1.837413287553738	0.0007760615960779923
1.7394432046609287	0.0007517540150014744
1.6451730638880544	0.0007357366896200236
1.5571049679351396	0.0007265417876153302
1.4770587540817706	0.000722563967454839
1.4061036870507764	0.0007222189063324018
1.3446496489508266	0.0007240631135771014
1.292619294628718	0.0007268643608846726
1.2496302167024766	0.0007296286555264076
1.2151464874545792	0.0007315969668242431
1.1885868715378463	0.000732224885190901
1.1693932184755993	0.0007311550620858038
1.157068498451553	0.0007281885364813481
1.1511940985997542	0.0007232581409484587
1.1514338968166251	0.000716405296655703
1.157530183302494	0.0007077604335683945
1.1692944523154323	0.0006975267234583117
1.186594599210852	0.0006859665614496041
1.2093390778322768	0.0006733901284605807
1.2374580152005432	0.0006601453282333367
1.2708810966860353	0.0006466083805614296
1.3095122285045462	0.000633174361270198
1.3532015869797112	0.0006202470286264529
1.4017166813431634	0.000608227402498336
1.4547153849781846	0.0005975008112013913
1.5117252235112673	0.0005884225221866067
1.5721340025478385	0.0005813026119453346
1.6351964390638183	0.0005763913169216906
1.7000593394094223	0.0005738665675692162
1.7658041670047802	0.0005738255317178303
1.831501549558355	0.0005762816329850021
1.8962689795139787	0.0005811676853624875
1.959322077256446	0.0005883447195990832
2.0200117178502843	0.0005976151122863998
2.0778432070280752	0.0006087380613656198
2.1324779385740262	0.0006214453987320003
2.183721143866656	0.0006354561049517509
2.2315008000048913	0.0006504884858923078
2.275842651366853	0.0006662695747450983
2.316845226039103	0.000682541796777723
2.3546573383873968	0.0006990672290701048
2.389459308882747	0.0007156299198237482
2.421448205130626	0.000732036747864637
2.450826837677754	0.0007481172519771628
2.4777959627793598	0.000763722780270321
2.502549059122483	0.0007787252265503291
2.525269074138073	0.0007930155465428056
2.546126618387462	0.0008065021867396638
2.565279186072837	0.0008191095129405904
2.5828710755584607	0.000830776292429476
2.5990337665997862	0.0008414542606396178
2.613886578025081	0.0008511067876400063
2.627537481575234	0.000859707649734785
2.6400839865954158	0.0008672399052353604
2.651614038788184	0.0008736948698454359
2.662206896664736	0.0008790711851651996
2.6719339636629793	0.0008833739730097289
2.6808595637786357	0.0008866140680751413
2.6890416551954686	0.0008888073217453574
2.6965324807676576	0.0008899739702852774
2.7033791569555845	0.0008901380612305099
2.709624204474963	0.0008893269323745636
2.715306024818378	0.0008875707383249865
2.720459327214188	0.0008849020201431932
2.725115510660241	0.000881355314069892
2.729303005561756	0.0008769667957797214
2.7330475792424656	0.0008717739569983721
2.736372609304202	0.0008658153116584503
2.7392993284720726	0.0008591301290690783
2.7418470442181424	0.0008517581918356127
2.7440333361388345	0.0008437395764980432
2.7458742337435256	0.0008351144550492285
2.7473843770306425	0.0008259229156756224
2.748577161966276	0.0008162048012088917
2.7494648727463997	0.0008059995639187809
2.75005880251304	0.000795346135387157
2.750369364004118	0.0007842828103168369
2.7504061914559905	0.0007728471432149446
2.7501782349212704	0.0007610758569810644
2.7496938480386053	0.000749004762500438
2.7489608701711354	0.0007366686884122359
2.747986703723756	0.0007241014202867339
2.746778387362136	0.0007113356484989065
2.7453426657598436	0.0006984029241380667
2.7436860564393957	0.0006853336223442301
2.7418149141831156	0.0006721569125005842
2.7397354934448277	0.0006589007347581082
2.7374540091184967	0.0006455917824026947
2.7349766959656803	0.0006322554896122397
2.7323098669563093	0.0006189160241869353
2.7294599707152636	0.0006055962848616668
2.726433648220896	0.0005923179028493542
2.7232377888530417	0.0005791012472797319
2.719879585835642	0.0005659654342353532
2.7163665910730863	0.0005529283391048186
2.7127067693310765	0.0005400066120019937
2.708908551667531	0.0005272156960145668
2.7049808879704518	0.0005145698480764851
2.7009332984209986	0.0005020821622660344
2.6967759236539806	0.0004897645953615841
2.692519573354992	0.0004776279944905129
2.688175772986788	0.0004656821267323675
2.6837568083305277	0.00045393571054497153
2.679275767475804	0.00044239644889132663
2.67474657989752	0.00043107106396211907
2.6701840522362428	0.00041996533338873584
2.665603900401893	0.0004090841278521903
2.6610227776290105	0.0003984314499950029
2.656458298125672	0.00038801047455089776
2.6519290559909185	0.0003778235895956973
2.6474546391102804	0.00036787243883748446
2.643055637789427	0.00035815796484651004
2.6387536479342195	0.00034868045313305856
2.63457126866163	0.00033943957696609754
2.630532094278677	0.0003304344428278043
2.6266607006486087	0.0003216636363855471
2.622982626024827	0.00031312526885973806
2.6195243465067057	0.0003048170236564452
2.616313246315599	0.0002967362031260273
2.613377583147494	0.0002888797753068536
2.6107464488773915	0.0002812444205022344
2.6084497258878336	0.00027382657753756407
2.606518039293606	0.000266622489544034
2.6049827052488044	0.0002596282491079068
2.6038756754630636	0.0002528398426337917
2.603229477896545	0.0002462531937655289
2.6030771534516246	0.00023986420571450986
2.60345218823994	0.0002336688023532875
2.6043884407568267	0.00022766296793194722
2.6059200629542394	0.00022184278528749988
2.6080814138763464	0.00021620447241810554
2.610906964077473	0.0002107444172984603
2.614431188638105	0.00020545921081862684
2.618688446093712	0.00020034567772423873
2.623712840111336	0.00019540090543519495
2.6295380602672376	0.0001906222706088476
2.636197197808952	0.00018600746330281915
2.6437225318705595	0.00018155450856981254
2.6521452813046023	0.00017726178529140656
2.6614953171421134	0.00017312804202719955
2.671800830696438	0.0001691524096146075
2.6830879527049545	0.00016533441021439406
2.6953803195692525	0.00016167396245074219
2.7086985838968607	0.00015817138225127913
2.7230598683237335	0.00015482737895000748
2.73847716388208	0.00015164304619197518
2.7549586773151775	0.0001486198471607459
2.772507135539339	0.0001457595936666865
2.7911190600052107	0.0001430644186777979
2.810784028878543	0.00014053674196692773
2.8314839505222946	0.0001381792286849536
2.853192377338905	0.000135994740873865
2.8758738942337114	0.00013398628218108744
2.8994836200902285	0.00013215693636024853
2.923966862988331	0.00013050980049741665
2.9492589699127616	0.00012904791429759968
2.975285408405814	0.0001277741871578072
3.0019621109752794	0.00012669132512428376
3.0291961025897596	0.0001258017601133438
3.0568864178046717	0.0001251075839814359
3.0849252977432258	0.00012461049005347077
3.1131996394719526	0.00012431172460125294
