3.1415926535894045	0.046314461042468155
3.141500720089799	0.046316835650841645
3.141408829898674	0.046323959932607926
3.141317026457558	0.0463358352577272
3.1412253534731676	0.04635246390952172
3.1411338550476198	0.046373849084761054
3.141042575805904	0.04639999489378266
3.140951561019553	0.0464309063606564
3.1408608567257605	0.04646658942339278
3.140770509840926	0.04650705093420466
3.140680568267806	0.046552298659825714
3.1405910809954873	0.046602341281897774
3.1405020981912273	0.04665718839743103
3.140413671283495	0.04671685051935319
3.140325853035389	0.0467813390771541
3.140238697607704	0.04685066641763923
3.1401522606110106	0.046924845805808316
3.1400665991460155	0.04700389142587175
3.139981771831703	0.047087818382419454
3.1398978388205667	0.04717664270176292
3.1398148618005557	0.04727038133346627
3.1397329039831527	0.04736905215208794
3.1396520300772384	0.047472673959150655
3.1395723062483323	0.047581266485367785
3.1394938000629606	0.04769485039314411
3.1394165804178042	0.04781344727938057
3.1393407174535377	0.04793707967860672
3.139266282453099	0.04806577106647093
3.1391933477244165	0.04819954586361683
3.139121986467484	0.0483384294399787
3.139052272625862	0.04848244811952699
3.1389842807226778	0.04863162918549949
3.1389180856812926	0.048786000886156186
3.138853762630834	0.048945592441091236
3.1387913866968606	0.049110434048148494
3.1387310327775246	0.049280556890975845
3.138672775305568	0.04945599314726878
3.138616687996666	0.04963677599774409
3.138562843584532	0.04982293963589394
3.1385113135434755	0.050014519278571895
3.1384621677988958	0.0502115511774607
3.138415474426497	0.05041407263148029
3.1383712993408848	0.05062212200019041
3.1383297059743525	0.05083573871825155
3.1382907549466905	0.05105496331100302
3.138254503726909	0.05127983741122821
3.1382210062877673	0.05151040377717308
3.1381903127541704	0.05174670631189023
3.1381624690463905	0.05198879008398412
3.1381375165191923	0.052236701349834554
3.1381154915980463	0.05249048757738204
3.138096425413499	0.0527501974715573
3.1380803434349716	0.05301588100144891
3.1380672651052133	0.05328758942929537
3.138057203476656	0.05356537534140445
3.1380501648510313	0.053849292681097005
3.1380461484235953	0.054139396783783184
3.1380451459333454	0.054435744414279015
3.1380471413206372	0.054738393806477145
3.138052110393716	0.05504740470549421
3.138060020505585	0.055362838412414996
3.1380708302427975	0.05568475783176359
3.138084489127682	0.05601322752183534
3.1381009373356297	0.05634831374803046
3.138120105429013	0.056690084539329416
3.1381419141094242	0.057038609748063504
3.1381662739899117	0.05739396111313513
3.1381930853888647	0.05775621232684272
3.138222238147369	0.05812543910548505
3.1382536114717094	0.058501719263904316
3.138287073802892	0.058885132794154235
3.1383224827149294	0.05927576194846302
3.138359684843817	0.059673691326684423
3.138398515849005	0.06007900796841972
3.138438800409304	0.060491801450005926
3.1384803522551707	0.06091216398656296
3.1385229742392697	0.06134019053930154
3.1385664584473596	0.06177597892828599
3.1386105863514415	0.06221962995085355
3.1386551290072324	0.06267124750589118
3.138699847297974	0.06313093872416271
3.138744492226653	0.06359881410488083
3.1387888052586987	0.06407498765871297
3.138832518717186	0.06455957705739682
3.1388753562327	0.06505270379013664
3.1389170332498555	0.06555449332693757
3.1389572575925873	0.06606507528901194
3.1389957300902336	0.0665845836263804
3.1390321452664285	0.06711315680276306
3.139066192092796	0.06765093798781702
3.139097554809367	0.06819807525675863
3.1391259138135745	0.06875472179735108
3.139150946619619	0.06932103612419824
3.139172328889898	0.06989718230022719
3.139189735540048	0.07048333016517412
3.13920284191904	0.07107965557081261
3.139211325065555	0.07168634062258018
3.139214865041744	0.07230357392715062
3.1392131463451722	0.07293155084539249
3.139205859399517	0.07357047375001731
3.139192702124319	0.07422055228707813
3.1391733815836673	0.07488200364029979
3.139147615713378	0.07555505279704246
3.1391151351257855	0.07623993281447418
3.1390756849906887	0.07693688508428284
3.1390290269905314	0.07764615959398702
3.1389749413472514	0.07836801518258717
3.138913228917516	0.07910271978794992
3.138843713352326	0.07985055068292472
3.1387662433161343	0.08061179469674797
3.138680694759703	0.08138674841779482
3.13858697323989	0.08217571837317982
3.138485016278512	0.08297902118009183
3.1383747957511727	0.08379698366304641
3.1382563202956972	0.08462994293046508
3.138129637728444	0.08547824640312554
3.1379948374552016	0.08634225178605547
3.137852052861867	0.08722232697436945
3.137701463668361	0.08811884988234724
3.1375432982274725	0.08903220818371187
3.1373778357484228	0.08996279894959326
3.1372054084229806	0.09091102816899832
3.1370264034299247	0.09187731013479364
3.1368412647914967	0.09286206667616259
3.1366504950533645	0.09386572621626034
3.136454656757371	0.09488872263128928
3.1362543736741326	0.09593149388446445
3.136050331760353	0.09699448040529494
3.135843279803519	0.09807812318123893
3.1356340297145113	0.09918286152508293
3.135423456426695	0.1003091304773145
3.1352124973581645	0.10145735779826431
3.1350021513921025	0.10262796049985672
3.1347934773288166	0.10382134086141112
3.1345875917617887	0.10503788186801338
3.1343856663292957	0.10627794200352289
3.134188924292688	0.10754184932325059
3.133998636392443	0.10882989472370072
3.1338161159336266	0.11014232431851609
3.1336427130535403	0.11147933082083414
3.1334798081259785	0.11284104382270205
3.133328804259006	0.11422751885195943
3.133191118846259	0.11563872507612984
3.133068174135671	0.11707453151139553
3.1329613867842587	0.11853469158273551
3.1328721563730917	0.1200188258688796
3.1328018528629387	0.12152640285304774
3.1327518029782433	0.12305671748766853
3.1327232755150116	0.1246088673687265
3.132717465576937	0.12618172630341346
3.1327354777533767	0.12777391504382046
3.132778308262799	0.12938376895015066
3.1328468260956988	0.13100930234006064
3.1329417532016848	0.13264816927726839
3.1330636437763757	0.13429762055362657
3.133212862714571	0.13595445662595204
3.1333895633068027	0.13761497628377553
3.133593664266538	0.13927492084899123
3.133824826184716	0.14092941374573167
3.1340824275167605	0.14257289533175907
3.1343655402142128	0.14419905295488014
3.134672905118527	0.14580074629365844
3.135002907237636	0.1473699281659438
3.1353535510262134	0.14889756114716504
3.1357224357871654	0.15037353053933605
3.136106731303733	0.1517865544784436
3.1365031537969172	0.15312409227005017
3.136907942279493	0.15437225240872537
3.1373168353420127	0.1555157021746016
3.1377250483529795	0.1565375812178333
3.1381272509771607	0.15741942214580332
3.1385175448020273	0.1581410818231736
3.138889440696678	0.15868068788235315
3.1392358352872884	0.1590146058170974
3.139548985584682	0.15911743298224268
3.1398204802945298	0.15896202682429048
3.1400412056077878	0.15851957568202915
3.1402013022041984	0.15775972146562883
3.1402901086501767	0.15665074436452056
3.1402960841019496	0.1551598203379221
3.1402066998809524	0.15325336236330214
3.1400082845203587	0.1508974560788267
3.1396857994135043	0.1480583993442037
3.13922251080125	0.14470335312309637
3.1385995061296343	0.14080110771282947
3.1377949746787985	0.1363229634854484
3.136783126488603	0.13124371879138286
3.1355325464929167	0.12554274946580543
3.1340036465776433	0.11920515461631608
3.1321446353140896	0.11222293249228024
3.1298849648669136	0.1045961390648636
3.1271242959494767	0.09633397182938636
3.1237130724962427	0.08745571437690633
3.1194163481488673	0.07799147691390823
3.1138413990320792	0.06798268089160074
3.106278618863066	0.05748227973946661
3.095304633448878	0.04655484297360571
3.0775965085597163	0.03527713450125634
3.043230035258155	0.023742468722602477
2.9437318530000103	0.012097710015085252
1.5707963268125997	0.0023937574487333814
0.19786080059025224	0.012097710015000271
0.09836261833105198	0.02374246872251824
0.06399614502929651	0.03527713450117512
0.04628802014007549	0.04655484297352898
0.03531403472586847	0.05748227973939586
0.027751254556854565	0.06798268089153643
0.022176305440076316	0.07799147691385153
0.017879581092715924	0.08745571437685809
0.014468357639503715	0.09633397182934719
0.011707688722094822	0.10459613906483438
0.009448018274948122	0.11222293249226081
0.007589007011428617	0.11920515461630693
0.006060107096192535	0.12554274946580637
0.004809527100547495	0.13124371879139404
0.0037976789103928432	0.13632296348546963
0.002993147459602774	0.14080110771286036
0.0023701427880347126	0.14470335312313642
0.0019068541758300306	0.14805839934425238
0.0015843690690275913	0.15089745607888366
0.0013859537084872642	0.1532533623633664
0.0012965694875455291	0.15515982033799278
0.001302544939373984	0.15665074436459714
0.0013913513854100223	0.15775972146571013
0.00155144798187834	0.15851957568211442
0.0017721732951945235	0.15896202682437857
0.002043668005101029	0.1591174329823329
0.0023568183025530764	0.15901460581718868
0.002703212893219842	0.15868068788244472
0.003075108787927938	0.1581410818232645
0.003465402612849555	0.15741942214589258
0.003867605237084959	0.15653758121791997
0.004275818248104191	0.15551570217468513
0.004684711310673162	0.15437225240880517
0.005089499793296426	0.1531240922701253
0.005485922286525113	0.15178655447851333
0.0058702178031335706	0.15037353053940003
0.006239102564124188	0.14889756114722297
0.00658974635273557	0.1473699281659948
0.006919748471876375	0.14580074629370218
0.007227113376217176	0.14419905295491645
0.007510226073691673	0.14257289533178757
0.007767827405753103	0.14092941374575232
0.007998989323944272	0.13927492084900392
0.008203090283688041	0.13761497628377978
0.008379790875923998	0.13595445662594816
0.008529009814118638	0.1342976205536144
0.008650900388802896	0.13264816927724854
0.008745827494777814	0.13100930234003294
0.00881434532766212	0.12938376895011522
0.008857175837064357	0.1277739150437778
0.008875188013477864	0.12618172630336352
0.008869378075373024	0.12460886736866969
0.00884085061210671	0.1230567174876053
0.008790800727371817	0.1215264028529785
0.008720497217176604	0.12001882586880462
0.008631266805962046	0.1185346915826553
0.008524479454498746	0.11707453151131064
0.00840153474385641	0.11563872507604046
0.008263849331052064	0.11422751885186658
0.008112845464019802	0.11284104382260589
0.007949940536394084	0.11147933082073518
0.007776537656242866	0.1101423243184148
0.007594017197360081	0.10882989472359776
0.007403729297044581	0.10754184932314627
0.007206987260367281	0.10627794200341824
0.007005061827802361	0.10503788186790818
0.006799176260702033	0.10382134086130648
0.006590502197343806	0.1026279604997528
0.006380156231209799	0.10145735779816159
0.0061691971626065545	0.10030913047721345
0.005958623874719127	0.09918286152498386
0.005749373785639111	0.09807812318114262
0.005542321828736707	0.09699448040520149
0.005338279914890887	0.09593149388437418
0.005137996831585667	0.09488872263120252
0.004942158535528485	0.09386572621617799
0.0047513887973353874	0.09286206667608438
0.004566250158850149	0.09187731013472002
0.004387245165738296	0.0909110281689296
0.004214817840244578	0.08996279894952972
0.004049355361145146	0.08903220818365336
0.0038911899202123124	0.08811884988229421
0.0037406007266649333	0.08722232697432233
0.0035978161332934633	0.08634225178601403
0.0034630158600181815	0.08547824640309011
0.0033363332927369704	0.08462994293043546
0.0032178578372379363	0.08379698366302275
0.003107637309878175	0.08297902118007423
0.0030056803484859174	0.08217571837316838
0.0029119588286645737	0.08138674841778937
0.0028264102722261875	0.08061179469674858
0.0027489402360343362	0.07985055068293102
0.0026794246708474745	0.07910271978796221
0.002617712241122838	0.07836801518260525
0.002563626597856583	0.07764615959401074
0.0025169685977171063	0.0769368850843121
0.0024775184626433244	0.07623993281450882
0.0024450378750788815	0.07555505279708227
0.0024192720048223926	0.0748820036403444
0.002399951464204353	0.07422055228712769
0.0023867941890483024	0.07357047375007147
0.002379507243440493	0.0729315508454508
0.002377788546917614	0.07230357392721307
0.0023813285231586434	0.07168634062264646
0.0023898116697305127	0.07107965557088244
0.002402918048781455	0.07048333016524717
0.0024203246989955574	0.06989718230030345
0.0024417069693409843	0.06932103612427715
0.0024667397754543074	0.06875472179743254
0.002495098779734306	0.06819807525684222
0.002526461496379362	0.06765093798790243
0.0025605083228250614	0.06711315680285011
0.002596923499094128	0.06658458362646891
0.0026353959968186125	0.06606507528910124
0.002675620339631646	0.06555449332702788
0.0027172973568698744	0.06505270379022748
0.0027601348724686225	0.06455957705748763
0.002803848331039749	0.06407498765880365
0.0028481613631679004	0.06359881410497124
0.002892806291930672	0.06313093872425249
0.0029375245827560903	0.06267124750598023
0.002982067238627817	0.062219629950941324
0.003026195142794119	0.061775978928372305
0.0030696793509683573	0.06134019053938633
0.003112301335147727	0.06091216398664566
0.0031538531810908488	0.060491801450086556
0.003194137741469927	0.06007900796849806
0.0032329687467309576	0.059673691326760286
0.0032701708756919246	0.05927576194853623
0.003305579787800994	0.05888513279422454
0.0033390421190504505	0.05850171926397152
0.00337041544345551	0.05812543910554895
0.0033995682020222517	0.05775621232690345
0.003426379601034313	0.05739396111319232
0.0034507394815763703	0.05703860974811717
0.0034725481620401233	0.0566900845393793
0.0034917162554739534	0.05634831374807669
0.003508164463463359	0.05601322752187757
0.0035218233483891304	0.055684757831801844
0.003532633085638004	0.05536283841244916
0.0035405431975386037	0.05504740470552445
0.0035455122706440356	0.05473839380650324
0.0035475076579603027	0.05443574441430118
0.003546505167731695	0.0541393967838012
0.003542488740311711	0.05384929268111094
0.003535450114696914	0.053565375341414194
0.0035253884861421447	0.053287589429301264
0.0035123101563878656	0.05301588100145078
0.003496228177857663	0.052750197471555293
0.00347716199330117	0.05249048757737604
0.0034551370721436214	0.052236701349824964
0.003430184544932491	0.05198879008397084
0.0034023408371308683	0.05174670631187344
0.0033716473035121375	0.051510403777152894
0.0033381498643425545	0.05127983741120458
0.00330189864452457	0.0510549633109761
0.003262947616830214	0.05083573871822169
0.003221354250257935	0.05062212200015762
0.003177179164603139	0.05041407263144475
0.003130485792158577	0.05021155117742251
0.0030813400475304675	0.05001451927853118
0.003029810006418554	0.04982293963585106
0.002975965594230523	0.04963677599769906
0.0029198782852666305	0.04945599314722194
0.0028616208132561383	0.0492805568909273
0.0028012668938579566	0.04911043404809838
0.002738890959821827	0.04894559244104001
0.0026745679092954333	0.048786000886103624
0.0026083728678423235	0.04863162918544606
0.0025403809645907494	0.04848244811947264
0.002470667122898451	0.04833842943992406
0.0023993058658957622	0.048199545863561725
0.0023263711371441786	0.04806577106641567
0.0022519361366368784	0.04793707967855162
0.0021760731722983984	0.04781344727932561
0.002098853527075839	0.04769485039308967
0.002020347341631812	0.04758126648531398
0.0019406235126568916	0.04747267395909771
0.0018597496066750097	0.047369052152036045
0.0017777917892032313	0.047270381333415795
0.0016948147691264737	0.04717664270171355
0.0016108817579274515	0.047087818382371596
0.0015260544435533596	0.04700389142582563
0.0014403929785058445	0.04692484580576408
0.0013539559817545843	0.04685066641759692
0.0012668005540157345	0.046781339077114015
0.001178982305859222	0.046716850519315414
0.0010905553980795624	0.04665718839739558
0.0010015725937728703	0.0466023412818648
0.000912085321414402	0.046552298659795606
0.0008221437482567318	0.046507050934177174
0.0007317968633873129	0.046466589423368065
0.0006410925695665703	0.04643090636063438
0.0005500777831897175	0.04639999489376392
0.00045879854144992294	0.0463738490847452
0.0003673001158852607	0.04635246390950905
0.00027562713147943896	0.046335835257717645
0.00018382369035174762	0.046323959932601466
9.193349921909899e-5	0.04631683565083851
