3.141592653589462	0.04331845113300153
3.122218800951063	0.04390151652076688
3.104147009841958	0.04567629398406113
3.0885255182918594	0.04872024745629389
3.0761027638128153	0.05316763466909628
3.0669265712078353	0.05922724571079806
3.0601898850087577	0.06722895040308702
3.0545393317587983	0.07772145737351005
3.049127049438174	0.09161165366005082
3.044941229233466	0.11002695241058022
3.0428935030714346	0.13183647078970834
3.027747467058672	0.14016168016269664
2.8547178818168986	0.07559837997501738
0.28687477177234255	0.07559837997496997
0.11384518653096176	0.1401616801627602
0.09869915051889366	0.1318364707897426
0.09665142435674978	0.11002695241051635
0.09246560415110539	0.09161165365996415
0.08705332182970782	0.07772145737348593
0.08140276857994744	0.06722895040313874
0.0746660823819445	0.05922724571087719
0.06548988977809245	0.05316763466914505
0.053067135299392554	0.04872024745628733
0.03744564374865833	0.045676293984017464
0.01937385263854763	0.043901516520728566
