3.1086244689504383e-15	0.015850234393233437
3.0873111924335266	0.015981824841358617
3.0353408297074975	0.016387468900395073
2.987656714399185	0.01709685393333328
2.9454645299963182	0.018150259983683924
2.9087752896899053	0.01958730076692846
2.8763259898999114	0.021438247534296916
2.84617890606909	0.0237268885061421
2.8167675643129293	0.026477291972875832
2.7861133285163655	0.029600416485931164
2.741536282032261	0.03217038842770214
2.6202096123782233	0.030604453443217952
2.145488961479945	0.021258621912197795
0.9961036921098483	0.02125862191220041
0.5213830412116374	0.03060445344321919
0.4000563715575418	0.03217038842770147
0.35547932507341073	0.029600416485930203
0.3248250892768447	0.02647729197287545
0.29541374752069505	0.02372688850614193
0.2652666636898737	0.02143824753429712
0.2328173638998794	0.019587300766928717
0.19612812359347176	0.01815025998368411
0.153935939190609	0.01709685393333346
0.10625182388230003	0.01638746890039507
0.05428146115627497	0.015981824841358554
