3.1415926535894165	0.04572072412334936
3.1403749976866475	0.045758324145522306
3.139163480724092	0.045871238186188275
3.13796433117352	0.046059808222330335
3.136783942365076	0.046324604433522175
3.135628920257396	0.046666425656360706
3.1345060919576517	0.04708630027814099
3.1334224656717824	0.04758548783298481
3.1323851357268846	0.04816548164732987
3.1314011297028443	0.04882801297230469
3.1304771983715494	0.04957505714034094
3.1296195528990007	0.05040884239511555
3.128833557463715	0.05133186217092427
3.128123388953271	0.05234689174374579
3.127491678628282	0.053457010345857064
3.126939153538753	0.05466563003311228
3.1264642980383632	0.05597653282211426
3.1260630580016473	0.05739391787406912
3.125728612369707	0.058922460788338994
3.125451238498946	0.060567387367102654
3.125218299506349	0.06233456449212259
3.125014383366501	0.06423061095744659
3.1248216247658167	0.06626303112707876
3.124620241300984	0.06844037396638065
3.124389314863903	0.07077241905909055
3.1241078459052045	0.07327038923963487
3.1237561010758865	0.0759471857754821
3.123317261177159	0.07881763559996285
3.1227793532767496	0.08189872935740378
3.122137414383013	0.08520981161312625
3.121395779828863	0.08877265694803957
3.1205703133661555	0.09261132251018962
3.1196902954071057	0.09675160113725592
3.118799562271032	0.10121979808820217
3.117956351088418	0.10604040275520318
3.1172311708956393	0.11123200290416188
3.1167019215320053	0.11680046631523086
3.1164454596525513	0.1227279660472672
3.116524906881115	0.12895583897283117
3.116972226973655	0.13535858640786214
3.1177659218929947	0.1417057430219458
3.118803941537227	0.14760839156526093
3.1198716651627607	0.15244903070248356
3.120603159056349	0.1552998379048709
3.120428278520702	0.15484946900361746
3.118479907362473	0.14938788128564331
3.1133704843791605	0.13694302180290124
3.102473837091135	0.11570042315176961
3.0788401938442034	0.08479267464225211
3.00912568323943	0.04533555206946774
1.5707963268013234	0.006253522558761672
0.13246697034968724	0.04533555206939207
0.06275245974479837	0.08479267464220341
0.03911881649795479	0.11570042315175845
0.028222169210083248	0.13694302180292892
0.02311274622696624	0.14938788128570354
0.021164375068956964	0.15484946900369842
0.020989494533536934	0.15529983790495877
0.02172098842734016	0.15244903070256438
0.02278871205305455	0.14760839156532343
0.023826731697417003	0.14170574302198172
0.024620426616819735	0.13535858640786733
0.025067746709349414	0.12895583897280546
0.025147193937826717	0.12272796604721337
0.024890732058215903	0.116800466315154
0.024361482694366554	0.11123200290406907
0.023636302501328643	0.10604040275510193
0.022793091318433323	0.10121979808810072
0.021902358182075865	0.09675160113716134
0.02102234022276228	0.09261132251010824
0.020196873759829703	0.08877265694797618
0.019455239205505848	0.08520981161308425
0.018813300311661507	0.08189872935738472
0.018275392411216895	0.07881763559996713
0.01783655251252947	0.0759471857755088
0.0174848076833225	0.07327038923968171
0.017203338724807615	0.07077241905915399
0.016972412287966865	0.06844037396645677
0.01677102882342041	0.06626303112716311
0.01657827022304792	0.06423061095753496
0.016374354083531717	0.062334564492210295
0.016141415091264655	0.06056738736718576
0.015864041220812197	0.058922460788413754
0.01552959558914857	0.05739391787413233
0.015128355552663564	0.055976532822164006
0.014653500052446589	0.054665630033146735
0.01410097496302365	0.05345701034587574
0.013469264638071632	0.05234689174374874
0.01275909612759607	0.05133186217091236
0.011973100692206806	0.05040884239509018
0.011115455219502302	0.04957505714030447
0.010191523887991938	0.04882801297225965
0.009207517863709658	0.04816548164727909
0.008170187918539185	0.0475854878329314
0.007086561632397181	0.0470863002780881
0.005963733332379206	0.046666425656311634
0.004808711224457252	0.046324604433479084
0.003628322415805574	0.0460598082222958
0.002429172865076712	0.045871238186164204
0.0012176559024257294	0.04575832414550993
