2.220446049250313e-15	0.01802095651849962
3.1292539115825084	0.01805411377826457
3.117086122896672	0.018154491264837785
3.105252228149219	0.01832475506342555
3.093898671212882	0.018569179316780978
3.083146264703239	0.018893395793575952
3.0730807578775368	0.019304053438392706
3.0637441219169164	0.019808405483817335
3.0551281964282957	0.02041385796846542
3.047172749381453	0.021127538157473567
3.039770034758993	0.02195597333118741
3.032777510178681	0.022905001335508424
3.026039468234817	0.023980039304067086
3.01941676369527	0.02518675724754568
3.0128208946422683	0.02653191518303782
3.0062428109628567	0.028023389453713923
2.9997555105672005	0.029666829230102255
2.9934509750988245	0.0314533723148948
2.987248933976534	0.03332798304767841
2.9804954686679173	0.035122400660704045
2.9712438763726063	0.036437501893058666
2.9549475764878266	0.03648952929792162
2.9213643789083417	0.0340381162032665
2.8433924113731663	0.027719387488179793
2.6129164727486085	0.01734075574000376
1.5707963267947846	0.008992800881273943
0.5286761808412641	0.01734075574000643
0.2982002422167378	0.027719387488181584
0.22022827468152517	0.03403811620326711
0.1866450771020003	0.03648952929792119
0.17034877721718944	0.03643750189305782
0.1610971849218581	0.03512240066070304
0.154343719613236	0.03332798304767749
0.14814167849094773	0.031453372314894104
0.14183714302257178	0.02966682923010197
0.13534984262692573	0.0280233894537138
0.1287717589475177	0.026531915183037737
0.12217588989451489	0.02518675724754599
0.11555318535496939	0.02398003930406747
0.10881514341111131	0.022905001335508764
0.10182261883079669	0.02195597333118759
0.0944199042083338	0.02112753815747377
0.0864644571614952	0.020413857968465624
0.07784853167287231	0.019808405483817463
0.06851189571225991	0.019304053438392834
0.05844638888655895	0.018893395793575993
0.047693982376914246	0.01856917931678094
0.036340425440586355	0.01832475506342549
0.024506530693129136	0.01815449126483782
0.01233874200728824	0.018054113778264585
