3.1415926535739622	0.004569311973963936
0.18200044502250323	0.004700098021040542
0.34347968331303225	0.005089012410035151
0.47207687995995906	0.005727692255238632
0.5663562050603876	0.006604398614558514
0.6336849964857696	0.0076983107682455035
0.6861940383037677	0.008969343713653783
0.7359518107053225	0.010367291489466721
0.7880810762191444	0.011905128823241677
0.8318427470139484	0.013797713232026861
0.8508086896551648	0.01637930611172314
0.9002218108099971	0.01877036168460209
1.2224658799334958	0.01766402579153296
1.9191267734607365	0.017664025790267004
2.241370842941723	0.018770361687156293
2.2907839641584555	0.016379306115173953
2.309749906557307	0.013797713231848634
2.3535115770964605	0.011905128819826784
2.405640842563943	0.010367291485518133
2.455398615115454	0.00896934371151794
2.507907657175039	0.007698310768810301
2.5752364488119346	0.0066043986174371535
2.6695157739859114	0.005727692259322269
2.798112970530199	0.005089012413927647
2.959592208631456	0.0047000980234104305
